1 74 49 3
57 38 46 4
17 37 15 1
14 40 8 1
68 37 94 6
90 29 3 3
57 50 27 3
71 25 82 4
71 45 44 6
48 62 76 5
16 91 15 2
72 47 3 2
8 63 11 1
55 28 20 2
71 94 82 6
40 75 59 6
28 52 52 4
4 65 84 4
24 30 14 1
83 89 31 4
86 28 75 6
83 31 50 4
11 64 88 5
69 49 62 5
52 38 21 3
44 26 2 1
63 5 18 2
44 12 96 5
7 20 68 3
12 35 96 4
8 22 1 1
8 77 41 5
21 90 17 3
28 80 7 2
84 49 73 6
98 90 34 5
75 22 11 2
66 96 49 5
85 19 35 4
26 96 40 4
89 51 10 3
84 50 62 5
58 90 28 4
43 40 88 5
50 93 4 3
56 32 85 5
31 91 3 2




